#n,fm,afm,uuuddd,face,tri,twin,one
0.000,0.0000000000,0.0000000000,0.0000000000,0.0000000000,0.0000000000,0.0000000000,0.0000000000
0.010,0.0000000000,0.0132909750,0.0127145690,0.0089125370,0.0091685557,0.0089125370,0.0044060892
0.020,0.0000000000,0.0244413092,0.0232673624,0.0177728378,0.0183028950,0.0177728378,0.0087865510
0.030,0.0000000000,0.0334918723,0.0316982064,0.0261223547,0.0269490784,0.0261223547,0.0131390930
0.040,0.0000000000,0.0404859345,0.0380489989,0.0325058884,0.0336438438,0.0325058884,0.0174609059
0.050,0.0000000000,0.0454657079,0.0423603640,0.0368503279,0.0383120859,0.0368503279,0.0216846358
0.060,0.0000000000,0.0484738314,0.0446728760,0.0391961616,0.0409953335,0.0391961616,0.0244684255
0.070,0.0000000000,0.0495508502,0.0450257795,0.0395830486,0.0417337862,0.0395830486,0.0253096425
0.080,0.0000000000,0.0492871400,0.0440072793,0.0385988604,0.0411167873,0.0385988604,0.0247961716
0.090,0.0000000000,0.0489688277,0.0429016977,0.0375284397,0.0404292131,0.0375284397,0.0242142173
0.100,0.0000000000,0.0486469201,0.0417564716,0.0364175624,0.0397191793,0.0364175624,0.0236093038
0.110,0.0000000000,0.0483189109,0.0405670572,0.0352636972,0.0389847926,0.0352636972,0.0229814949
0.120,0.0000000000,0.0479878508,0.0393335146,0.0340653870,0.0382260606,0.0340653870,0.0223310595
0.130,0.0000000000,0.0476526330,0.0380498002,0.0328168537,0.0374387847,0.0328168537,0.0216532625
0.140,0.0000000000,0.0473139724,0.0367137499,0.0315159141,0.0366242080,0.0315159141,0.0209454346
0.150,0.0000000000,0.0469704091,0.0353183916,0.0301553342,0.0357748790,0.0301553342,0.0202058910
0.160,0.0000000000,0.0466218983,0.0338588920,0.0287296659,0.0348889430,0.0287296659,0.0194282358
0.170,0.0000000000,0.0462704127,0.0323301866,0.0272342899,0.0339651668,0.0272342899,0.0186105713
0.180,0.0000000000,0.0459147902,0.0307220246,0.0256569785,0.0329949432,0.0256569785,0.0177427527
0.190,0.0000000000,0.0455526549,0.0290269067,0.0239894640,0.0319724960,0.0239894640,0.0168181252
0.200,0.0000000000,0.0451900335,0.0272335181,0.0222192982,0.0308939826,0.0222192982,0.0158273235
0.210,0.0000000000,0.0448222963,0.0253286889,0.0203276103,0.0297451981,0.0203276103,0.0147471669
0.220,0.0000000000,0.0444500061,0.0232933215,0.0182901706,0.0285135286,0.0182901706,0.0135489077
0.230,0.0000000000,0.0440743226,0.0211049171,0.0160691954,0.0271790298,0.0160691954,0.0121581182
0.240,0.0000000000,0.0436953097,0.0187338846,0.0135790033,0.0257117184,0.0135790033,0.0104405001
0.250,0.0000000000,0.0433119189,0.0161380860,0.0108064179,0.0240548439,0.0108064179,0.0086887540
0.260,0.0000000000,0.0429257436,0.0132545235,0.0078341368,0.0220611768,0.0078341368,0.0071837855
0.270,0.0000000000,0.0425375220,0.0099724231,0.0046157560,0.0197920571,0.0046157560,0.0061494947
0.280,0.0000000000,0.0421465226,0.0060716086,0.0012613748,0.0175509482,0.0012613748,0.0055614378
0.290,0.0000000000,0.0417512390,0.0017419612,-0.0020707186,0.0155258021,-0.0020707186,0.0049424313
0.300,0.0000000000,0.0413555634,-0.0026706101,-0.0053745235,0.0138493082,-0.0053745235,0.0042573899
0.310,0.0000000000,0.0409574493,-0.0069029386,-0.0084654658,0.0124763964,-0.0084654658,0.0034829512
0.320,0.0000000000,0.0405570166,-0.0106778544,-0.0115502455,0.0110382192,-0.0115502455,0.0025882316
0.330,0.0000000000,0.0401554251,-0.0135201353,-0.0143347021,0.0097314560,-0.0143347021,0.0014973512
0.340,0.0000000000,0.0397537373,-0.0151407239,-0.0164682638,0.0089797900,-0.0164682638,-0.0000488634
0.350,0.0000000000,0.0393518097,-0.0143698342,-0.0180638743,0.0089316962,-0.0180638743,-0.0019896525
0.360,0.0000000000,0.0389506109,-0.0131312309,-0.0191832282,0.0094499633,-0.0191832282,-0.0039952969
0.370,0.0000000000,0.0385516754,-0.0118299455,-0.0194167411,0.0099799787,-0.0194167411,-0.0058180527
0.380,0.0000000000,0.0381538582,-0.0105854844,-0.0193108678,0.0104538864,-0.0193108678,-0.0072100069
0.390,0.0000000000,0.0377587449,-0.0095107747,-0.0189213264,0.0108077481,-0.0189213264,-0.0079047774
0.400,0.0000000000,0.0373668824,-0.0087440401,-0.0182487241,0.0109937868,-0.0182487241,-0.0077555150
0.410,0.0000000000,0.0369836604,-0.0084754287,-0.0174668257,0.0111313565,-0.0174668257,-0.0072980846
0.420,0.0000000000,0.0366049873,-0.0085254629,-0.0165912672,0.0110658464,-0.0165912672,-0.0066566011
0.430,0.0000000000,0.0362327809,-0.0087065956,-0.0156460414,0.0108481009,-0.0156460414,-0.0058856372
0.440,0.0000000000,0.0358728628,-0.0088884538,-0.0146979625,0.0105741786,-0.0146979625,-0.0050293604
0.450,0.0000000000,0.0355230176,-0.0089669086,-0.0136881927,0.0102951252,-0.0136881927,-0.0041309733
0.460,0.0000000000,0.0351891720,-0.0088365466,-0.0126591182,0.0100557771,-0.0126591182,-0.0032154998
0.470,0.0000000000,0.0348711857,-0.0084081808,-0.0116689332,0.0098906579,-0.0116689332,-0.0023220933
0.480,0.0000000000,0.0345716507,-0.0076316086,-0.0107291684,0.0098316658,-0.0107291684,-0.0014748582
0.490,0.0000000000,0.0342979393,-0.0067509402,-0.0098102504,0.0099137522,-0.0098102504,-0.0007095830
0.500,0.0000000000,0.0340500361,-0.0058152636,-0.0088391575,0.0101618685,-0.0088391575,-0.0001036065
0.510,0.0000000000,0.0338344536,-0.0048161546,-0.0078080228,0.0105963542,-0.0078080228,0.0004528341
0.520,0.0000000000,0.0336558981,-0.0037518031,-0.0067146340,0.0111091062,-0.0067146340,0.0010435607
0.530,0.0000000000,0.0335233324,-0.0026098278,-0.0055469536,0.0116846251,-0.0055469536,0.0016828829
0.540,0.0000000000,0.0334410458,-0.0013847468,-0.0042994639,0.0123219352,-0.0042994639,0.0023719298
0.550,0.0000000000,0.0334250823,-0.0000621007,-0.0029593654,0.0130381464,-0.0029593654,0.0031246382
0.560,0.0000000000,0.0334847953,0.0013730645,-0.0015116476,0.0138467360,-0.0015116476,0.0039478269
0.570,0.0000000000,0.0336332217,0.0029311533,0.0000531114,0.0147554769,0.0000531114,0.0048499279
0.580,0.0000000000,0.0338930898,0.0046386565,0.0017589257,0.0157906964,0.0017589257,0.0058517406
0.590,0.0000000000,0.0342961258,0.0065295546,0.0036405517,0.0169823308,0.0036405517,0.0069785390
0.600,0.0000000000,0.0348794625,0.0086419742,0.0057327415,0.0183682052,0.0057327415,0.0082620307
0.610,0.0000000000,0.0357402992,0.0110729933,0.0081325919,0.0200438601,0.0081325919,0.0097877985
0.620,0.0000000000,0.0369480515,0.0138958263,0.0109099845,0.0220783669,0.0109099845,0.0116164481
0.630,0.0000000000,0.0383207387,0.0169345339,0.0138830766,0.0242911889,0.0138830766,0.0135530303
0.640,0.0000000000,0.0397342675,0.0200612882,0.0169210822,0.0265521176,0.0169210822,0.0154375632
0.650,0.0000000000,0.0410869910,0.0231825748,0.0199237096,0.0287605363,0.0199237096,0.0171290825
0.660,0.0000000000,0.0422918380,0.0262148188,0.0227915233,0.0308255489,0.0227915233,0.0184325547
0.670,0.0000000000,0.0432673138,0.0290775343,0.0254138573,0.0326594776,0.0254138573,0.0193885556
0.680,0.0000000000,0.0439332238,0.0317001849,0.0276936534,0.0341672265,0.0276936534,0.0200637418
0.690,0.0000000000,0.0442187117,0.0340123816,0.0296315811,0.0352554211,0.0296315811,0.0204918220
0.700,0.0000000000,0.0440381004,0.0359457621,0.0311912927,0.0357740306,0.0311912927,0.0206871710
0.710,0.0000000000,0.0433083353,0.0374274052,0.0323069239,0.0357011578,0.0323069239,0.0206577832
0.720,0.0000000000,0.0419292760,0.0383855673,0.0328748062,0.0351182067,0.0328748062,0.0204125836
0.730,0.0000000000,0.0397840308,0.0387303663,0.0329459754,0.0340594182,0.0329459754,0.0199559003
0.740,0.0000000000,0.0369093565,0.0383456738,0.0325630787,0.0325340829,0.0325630787,0.0192849116
0.750,0.0000000000,0.0333282822,0.0372042860,0.0317402333,0.0305510247,0.0317402333,0.0184046633
0.760,0.0000000000,0.0289997996,0.0353865741,0.0304814214,0.0281094467,0.0304814214,0.0173117991
0.770,0.0000000000,0.0238880439,0.0329478253,0.0287735617,0.0252063974,0.0287735617,0.0160065563
0.780,0.0000000000,0.0181224999,0.0299074569,0.0265712429,0.0218317308,0.0265712429,0.0144880464
0.790,0.0000000000,0.0118072739,0.0262530359,0.0239159854,0.0179626287,0.0239159854,0.0127496342
0.800,0.0000000000,0.0050186340,0.0220679560,0.0208673420,0.0135187746,0.0208673420,0.0107892587
0.810,0.0000000000,-0.0021332422,0.0174924359,0.0174494677,0.0085341850,0.0174494677,0.0085972920
0.820,0.0000000000,-0.0095449709,0.0126498596,0.0136352910,0.0032046690,0.0136352910,0.0061588524
0.830,0.0000000000,-0.0170809399,0.0076837622,0.0095756785,-0.0023019366,0.0095756785,0.0033991238
0.840,0.0000000000,-0.0245609817,0.0027849993,0.0055202328,-0.0077832981,0.0055202328,0.0004218346
0.850,0.0000000000,-0.0317211398,-0.0017747734,0.0017634086,-0.0129605265,0.0017634086,-0.0023778828
0.860,0.0000000000,-0.0385945873,-0.0060207722,-0.0017048131,-0.0178557983,-0.0017048131,-0.0049727937
0.870,0.0000000000,-0.0453852282,-0.0101505287,-0.0050734715,-0.0226653247,-0.0050734715,-0.0075280060
0.880,0.0000000000,-0.0522039476,-0.0142630376,-0.0084346064,-0.0274864990,-0.0084346064,-0.0101198197
0.890,0.0000000000,-0.0591223874,-0.0184215803,-0.0118448883,-0.0323843900,-0.0118448883,-0.0127947211
0.900,0.0000000000,-0.0661994921,-0.0226749315,-0.0153458717,-0.0374088077,-0.0153458717,-0.0155826315
0.910,0.0000000000,-0.0732603765,-0.0270689105,-0.0189777780,-0.0426101080,-0.0189777780,-0.0185179284
0.920,0.0000000000,-0.0801838766,-0.0316473004,-0.0227794234,-0.0480362065,-0.0227794234,-0.0216279995
0.930,0.0000000000,-0.0869856698,-0.0364206364,-0.0267104533,-0.0537318167,-0.0267104533,-0.0248408772
0.940,0.0000000000,-0.0936792835,-0.0411455927,-0.0306334754,-0.0594745988,-0.0306334754,-0.0281114191
0.950,0.0000000000,-0.1002820393,-0.0457616846,-0.0345678886,-0.0649855869,-0.0345678886,-0.0314637153
0.960,0.0000000000,-0.1068151420,-0.0502621336,-0.0385170827,-0.0702263317,-0.0385170827,-0.0348394833
0.970,0.0000000000,-0.1133049898,-0.0544193494,-0.0421209705,-0.0749867458,-0.0421209705,-0.0375728227
0.980,0.0000000000,-0.1199762359,-0.0584786591,-0.0456510379,-0.0793356567,-0.0456510379,-0.0396682414
0.990,0.0000000000,-0.1274050415,-0.0639058401,-0.0507645904,-0.0834706483,-0.0507645904,-0.0412821380
1.000,0.0000000000,-0.1307294524,-0.0696340858,-0.0546954876,-0.0849391837,-0.0546954876,-0.0418236663
