#n,fm,afm,uuuddd,face,tri,twin,one
0.000,0.0000000000,0.0000000000,0.0000000000,0.0000000000,0.0000000000,0.0000000000,0.0000000000
0.010,0.0000000000,0.1474513733,0.0822640477,0.0513386158,0.0657312018,0.0513386158,0.0275480762
0.020,0.0000000000,0.2921282145,0.1613294266,0.1003002325,0.1282314650,0.1003002325,0.0538686310
0.030,0.0000000000,0.4339803003,0.2371652230,0.1467959162,0.1874623347,0.1467959162,0.0789422712
0.040,0.0000000000,0.5727384191,0.3096780655,0.1907063216,0.2433890610,0.1907063216,0.1027472623
0.050,0.0000000000,0.7078159923,0.3784898658,0.2318359251,0.2959780479,0.2318359251,0.1252555941
0.060,0.0000000000,0.8392268926,0.4435769802,0.2699624169,0.3451994185,0.2699624169,0.1464339709
0.070,0.0000000000,0.9670170844,0.5049784832,0.3054977167,0.3910259885,0.3054977167,0.1662397624
0.080,0.0000000000,1.0912315862,0.5627328864,0.3388452150,0.4334344261,0.3388452150,0.1846205043
0.090,0.0000000000,1.2119159834,0.6168801239,0.3703515390,0.4724056187,0.3703515390,0.2015062803
0.100,0.0000000000,1.3291153163,0.6674591881,0.4003380127,0.5079238396,0.4003380127,0.2168066259
0.110,0.0000000000,1.4428746904,0.7145108546,0.4291129433,0.5399775149,0.4291129433,0.2303933852
0.120,0.0000000000,1.5532340702,0.7580717362,0.4569655914,0.5685524375,0.4569655914,0.2420744858
0.130,0.0000000000,1.6602395088,0.7981847712,0.4841776996,0.5936321270,0.4841776996,0.2515065119
0.140,0.0000000000,1.7639313674,0.8348894161,0.5110103531,0.6152519022,0.5110103531,0.2586325871
0.150,0.0000000000,1.8643463050,0.8682242207,0.5376842594,0.6335311644,0.5376842594,0.2642757372
0.160,0.0000000000,1.9615186273,0.8982284632,0.5642858540,0.6485754577,0.5642858540,0.2695933426
0.170,0.0000000000,2.0554623348,0.9249377319,0.5915567202,0.6855785529,0.5915567202,0.2793119768
0.180,0.0000000000,2.1462386854,0.9483908870,0.6207075587,0.7704369510,0.6207075587,0.2969215491
0.190,0.0000000000,2.2339520760,0.9686401300,0.6503402979,0.8533441132,0.6503402979,0.3154740599
0.200,0.0000000000,2.3186918999,0.9857415313,0.6810034836,0.9343076696,0.6810034836,0.3335183133
0.210,0.0000000000,2.4005452210,0.9997923779,0.7129832693,1.0133412060,0.7129832693,0.3501269683
0.220,0.0000000000,2.4795906197,1.0108759586,0.7455614150,1.0904508810,0.7455614150,0.3652951522
0.230,0.0000000000,2.5559133061,1.0190805492,0.7755483060,1.1656497478,0.7755483060,0.3797215530
0.240,0.0000000000,2.6295929161,1.0244903714,0.8027062766,1.2389447953,0.8027062766,0.3939303063
0.250,0.0000000000,2.7007140944,1.0271948907,0.8270915624,1.3103447842,0.8270915624,0.4084065162
0.260,0.0000000000,2.7693605695,1.0272830553,0.8487605029,1.3798519901,0.8487605029,0.4236318230
0.270,0.0000000000,2.8356206867,1.0248507176,0.8677771489,1.4474653355,0.8677771489,0.4401255869
0.280,0.0000000000,2.8995824908,1.0199934937,0.8842068880,1.5131669157,0.8842068880,0.4584634356
0.290,0.0000000000,2.9613394093,1.0128132648,0.8981217038,1.5769092980,0.8981217038,0.4793291293
0.300,0.0000000000,3.0209900704,1.0034181211,0.9096010189,1.6386156992,0.9096010189,0.5035747152
0.310,0.0000000000,3.0786405657,0.9920193047,0.9187334114,1.6985785516,0.9187334114,0.5323538460
0.320,0.0000000000,3.1343984943,0.9792013039,0.9256110364,1.7572213315,0.9256110364,0.5674243591
0.330,0.0000000000,3.1883893274,0.9652601008,0.9303439135,1.8151153664,0.9303439135,0.6123763050
0.340,0.0000000000,3.2407461093,0.9933157663,0.9330506654,1.8716761919,0.9330506654,0.6701332806
0.350,0.0000000000,3.2916261492,1.0430691644,0.9338762785,1.9266441377,0.9338762785,0.7269436957
0.360,0.0000000000,3.3412168007,1.0932360580,0.9330111051,1.9801929279,0.9330111051,0.7821105692
0.370,0.0000000000,3.3897798824,1.1438345703,0.9307257070,2.0325714798,0.9307257070,0.8358873038
0.380,0.0000000000,3.4376240401,1.1943429220,0.9273338290,2.0840680420,0.9273338290,0.8885731780
0.390,0.0000000000,3.4844121947,1.2439996657,0.9235795486,2.1343186341,0.9235795486,0.9398248286
0.400,0.0000000000,3.5298087328,1.2924337432,0.9226169689,2.1829349450,0.9226169689,0.9892999054
0.410,0.0000000000,3.5735313000,1.3393305621,0.9245422425,2.2296542990,0.9245422425,1.0367121240
0.420,0.0000000000,3.6152979575,1.3843759505,0.9291846006,2.2743074323,0.9291846006,1.0817752686
0.430,0.0000000000,3.6548058507,1.4272360386,0.9363404946,2.3167423405,0.9363404946,1.1241834546
0.440,0.0000000000,3.6917176262,1.4675447250,0.9457613175,2.3567487639,0.9457613175,1.1635985362
0.450,0.0000000000,3.7256386695,1.5048773479,0.9571276520,2.3938934453,0.9571276520,1.1996238962
0.460,0.0000000000,3.7560867552,1.5387232612,0.9700199145,2.4276485352,0.9700199145,1.2317766605
0.470,0.0000000000,3.7824295056,1.5684206557,0.9838508943,2.4573433696,0.9838508943,1.2594267277
0.480,0.0000000000,3.8035221118,1.5927950680,0.9974936966,2.4818021686,0.9974936966,1.2814395311
0.490,0.0000000000,3.8161152563,1.6085636978,1.0076000812,2.4977486334,1.0076000812,1.2945754685
0.500,0.0000000000,3.8162446078,1.6117191748,1.0104101483,2.5011945439,1.0104101483,1.2948815573
0.510,0.0000000000,3.7982636962,1.5965656743,1.0011809914,2.4864732105,1.0011809914,1.2770664096
0.520,0.0000000000,3.7678043657,1.5687902411,0.9845741272,2.4591981902,0.9845741272,1.2469758521
0.530,0.0000000000,3.7288170861,1.5324031453,0.9644615408,2.4233029867,0.9644615408,1.2085121863
0.540,0.0000000000,3.6845367207,1.4906874676,0.9441739714,2.3820070609,0.9441739714,1.1648630031
0.550,0.0000000000,3.6360932898,1.4448181081,0.9248384985,2.3364247680,0.9248384985,1.1171085620
0.560,0.0000000000,3.5841060513,1.3954569660,0.9070437886,2.2871581426,0.9070437886,1.0658136313
0.570,0.0000000000,3.5290418855,1.3431148034,0.8912110853,2.2346523410,0.8912110853,1.0113698816
0.580,0.0000000000,3.4712834869,1.2882160442,0.8776616296,2.1792657667,0.8776616296,0.9541474642
0.590,0.0000000000,3.4111534555,1.2311266911,0.8666446606,2.1213621711,0.8666446606,0.8945731441
0.600,0.0000000000,3.3489423602,1.1721801779,0.8583632219,2.0612647848,0.8583632219,0.8330227275
0.610,0.0000000000,3.2849187947,1.1116905808,0.8522775302,1.9992683882,0.8522775302,0.7698457370
0.620,0.0000000000,3.2193510874,1.0499721241,0.8449378314,1.9356618389,0.8449378314,0.7053905430
0.630,0.0000000000,3.1525643748,0.9873956602,0.8361485390,1.8707861911,0.8361485390,0.6400631430
0.640,0.0000000000,3.0848829545,0.9245029182,0.8262531900,1.8049781534,0.8262531900,0.5742709571
0.650,0.0000000000,3.0159861806,0.8618860270,0.8149456652,1.7379268847,0.8149456652,0.5077815858
0.660,0.0000000000,2.9456003956,0.7995954995,0.8019595580,1.6693524645,0.8019595580,0.4404116620
0.670,0.0000000000,2.8735277011,0.7599964308,0.7871019957,1.5990717531,0.7871019957,0.3753753638
0.680,0.0000000000,2.7995986930,0.7645841633,0.7702266951,1.5269568054,0.7702266951,0.3293561928
0.690,0.0000000000,2.7236683555,0.7680959170,0.7512175206,1.4528946436,0.7512175206,0.2933380508
0.700,0.0000000000,2.6456010043,0.7702339406,0.7299660302,1.3767773565,0.7299660302,0.2636934832
0.710,0.0000000000,2.5652724169,0.7703927002,0.7063815882,1.2985142682,0.7063815882,0.2386300348
0.720,0.0000000000,2.4825579777,0.7683495869,0.6803765700,1.2180171097,0.6803765700,0.2169601939
0.730,0.0000000000,2.3973437751,0.7639945972,0.6518727643,1.1352035710,0.6518727643,0.1978009907
0.740,0.0000000000,2.3095726560,0.7572240262,0.6207990448,1.0499993075,0.6207990448,0.1804387648
0.750,0.0000000000,2.2191860316,0.7479409185,0.5870909844,0.9625167069,0.5870909844,0.1642638132
0.760,0.0000000000,2.1261187097,0.7360485779,0.5506852195,0.8731031313,0.5506852195,0.1487253619
0.770,0.0000000000,2.0303107871,0.7214567414,0.5115266377,0.7817629610,0.5115266377,0.1333021948
0.780,0.0000000000,1.9317013728,0.7040751218,0.4703350475,0.6884821226,0.4703350475,0.1174569626
0.790,0.0000000000,1.8302330222,0.6838189568,0.4304869896,0.5932478399,0.4304869896,0.1005434301
0.800,0.0000000000,1.7258464552,0.6605994973,0.3921903136,0.4960407709,0.3921903136,0.0820973123
0.810,0.0000000000,1.6184891417,0.6343326902,0.3551983123,0.3968479030,0.3551983123,0.0628106041
0.820,0.0000000000,1.5081023682,0.6049204929,0.3191801467,0.2956482242,0.3191801467,0.0434974458
0.830,0.0000000000,1.3946354810,0.5723042576,0.2834451097,0.1924260362,0.2834451097,0.0255614890
0.840,0.0000000000,1.2780351956,0.5364338952,0.2502923484,0.1430854575,0.2502923484,0.0157578482
0.850,0.0000000000,1.1582488198,0.4972713624,0.2180191410,0.1196388247,0.2180191410,0.0101401558
0.860,0.0000000000,1.0352244306,0.4547808275,0.1855353547,0.0939079459,0.1855353547,0.0040160959
0.870,0.0000000000,0.9093498732,0.4089240276,0.1528501099,0.0656741253,0.1528501099,-0.0036912275
0.880,0.0000000000,0.7815563980,0.3596628450,0.1197720460,0.0347396035,0.1197720460,-0.0137130535
0.890,0.0000000000,0.6518968717,0.3069584666,0.0860510433,0.0009232901,0.0860510433,-0.0263901764
0.900,0.0000000000,0.5203904990,0.2507684364,0.0514104928,-0.0359460031,0.0514104928,-0.0414320647
0.910,0.0000000000,0.3870674170,0.1910567699,0.0155618718,-0.0760206883,0.0155618718,-0.0586653114
0.920,0.0000000000,0.2519549021,0.1277835467,-0.0218034652,-0.1194480912,-0.0218034652,-0.0779947308
0.930,0.0000000000,0.1150843918,0.0609104880,-0.0610090236,-0.1663649379,-0.0610090236,-0.0993609871
0.940,0.0000000000,-0.0235121839,-0.0096014581,-0.1024074450,-0.2169029058,-0.1024074450,-0.1227336402
0.950,0.0000000000,-0.1637978567,-0.0837900348,-0.1464224100,-0.2711885673,-0.1464224100,-0.1480989738
0.960,0.0000000000,-0.3057339729,-0.1616927099,-0.1934091428,-0.3293556018,-0.1934091428,-0.1754560472
0.970,0.0000000000,-0.4492799476,-0.2430351802,-0.2431068441,-0.3914920448,-0.2431068441,-0.2048154333
0.980,0.0000000000,-0.5943917586,-0.3275372255,-0.2953335131,-0.4575930493,-0.2953335131,-0.2361952295
0.990,0.0000000000,-0.7410241913,-0.4151569325,-0.3499740484,-0.5276708676,-0.3499740484,-0.2696210064
1.000,0.0000000000,-0.8891282042,-0.5058495870,-0.4069415683,-0.6017431337,-0.4069415683,-0.3051228634
